# Created by Octave 4.2.1, Thu Feb 01 20:35:27 2018 GMT <mdessain@xps13>
# name: housing_features
# type: matrix
# rows: 7
# columns: 2
 100 1
 2000 4
 10 3
 90 5
 10 5
 10 5
 1 1


