a = 94/(94-69)

b = 8836/(8836-4761)